22
9 9 9 9 9 9 9 9 9 9 9 9 9 9 9 9 9 9 9 9 9 9
9 9 9 9 9 9 9 9 9 9 9 9 9 9 9 9 9 9 9 9 9 9
9 9 9 9 9 9 9 9 9 9 9 9 9 9 9 9 9 9 9 9 9 9
9 9 9 9 9 9 9 9 9 9 9 9 9 9 9 9 9 9 9 9 9 9
9 9 9 9 9 9 9 9 9 9 9 9 9 9 9 9 9 9 9 9 9 9
9 9 9 9 9 9 9 9 9 9 9 9 9 9 9 9 9 9 9 9 9 9
9 9 9 9 9 9 9 9 9 9 9 0 9 9 9 11 9 9 9 9 9 9
9 9 9 9 9 9 9 9 9 9 9 1 9 9 9 11 9 9 9 9 9 9
9 9 9 9 11 11 11 11 9 9 9 0 1 0 1 0 9 9 9 9 9 9
9 9 9 9 9 9 9 11 9 9 9 1 9 9 9 9 9 9 9 9 9 9
9 9 9 9 9 9 9 11 11 11 11 0 9 9 9 9 9 9 9 9 9 9
9 9 9 9 9 9 9 9 9 9 9 11 9 9 9 9 9 9 9 9 9 9
9 9 9 9 9 9 9 9 9 9 9 11 9 9 9 9 9 9 9 9 9 9
9 9 9 9 9 9 9 9 9 9 9 11 9 9 9 9 9 9 9 9 9 9
9 9 9 9 9 9 9 9 9 9 9 11 9 9 9 9 9 9 9 9 9 9
9 9 9 9 9 9 9 9 9 9 9 9 9 9 9 9 9 9 9 9 9 9
9 9 9 9 9 9 9 9 9 9 9 9 9 9 9 9 9 9 9 9 9 9
9 9 9 9 9 9 9 9 9 9 9 9 9 9 9 9 9 9 9 9 9 9
9 9 9 9 9 9 9 9 9 9 9 9 9 9 9 9 9 9 9 9 9 9
